time,amount,delta
0,9.6,0
1,18.3,8.7
2,29,10.7
3,47.2,18.2
4,71.1,23.9
5,119.1,48
6,174.6,55.5
7,257.3,82.7
8,350.7,93.4
9,441,90.3
10,513.3,72.3
11,559.7,46.4
12,594.8,35.1
13,629.4,34.6
14,640.8,11.4
15,651.1,10.3
16,655.9,4.8
17,659.6,3.7
18,661.8,2.2